3 0.457143 0.225762 0.514286 0.030471
3 0.485714 0.250693 0.514286 0.024931
3 0.485714 0.277008 0.457143 0.027701
3 0.485714 0.303324 0.400000 0.024931
3 0.442857 0.329640 0.371429 0.027701
3 0.471429 0.354571 0.371429 0.027701
3 0.500000 0.382271 0.428571 0.027701
3 0.485714 0.408587 0.400000 0.024931
3 0.500000 0.433518 0.371429 0.024931
3 0.514286 0.461219 0.400000 0.030471
3 0.471429 0.486150 0.314286 0.024931
3 0.471429 0.515235 0.257143 0.027701
3 0.485714 0.538781 0.228571 0.024931
3 0.485714 0.565097 0.285714 0.027701
3 0.485714 0.591413 0.285714 0.024931
3 0.471429 0.617729 0.428571 0.027701
3 0.514286 0.645429 0.228571 0.027701
3 0.471429 0.671745 0.428571 0.024931
3 0.500000 0.696676 0.485714 0.024931
3 0.500000 0.721607 0.428571 0.024931
3 0.485714 0.747922 0.514286 0.027701
3 0.471429 0.775623 0.485714 0.027701
3 0.471429 0.801939 0.542857 0.024931
3 0.457143 0.826870 0.571429 0.024931
3 0.485714 0.851801 0.571429 0.024931
3 0.485714 0.878116 0.571429 0.027701
3 0.471429 0.904432 0.542857 0.024931
3 0.471429 0.930748 0.542857 0.027701
3 0.471429 0.958449 0.542857 0.027701
