3 0.442857 0.226629 0.485714 0.028329
3 0.457143 0.253541 0.514286 0.025496
3 0.442857 0.280453 0.485714 0.028329
3 0.428571 0.305949 0.457143 0.022663
3 0.457143 0.330028 0.457143 0.025496
3 0.471429 0.356941 0.428571 0.028329
3 0.457143 0.383853 0.400000 0.025496
3 0.457143 0.409348 0.400000 0.025496
3 0.457143 0.434844 0.342857 0.025496
3 0.471429 0.460340 0.371429 0.025496
3 0.457143 0.485836 0.285714 0.025496
3 0.442857 0.512748 0.257143 0.028329
3 0.471429 0.539660 0.257143 0.025496
3 0.442857 0.563739 0.257143 0.022663
3 0.442857 0.590652 0.371429 0.025496
3 0.442857 0.617564 0.371429 0.028329
3 0.457143 0.643059 0.342857 0.022663
3 0.457143 0.667139 0.400000 0.025496
3 0.471429 0.694051 0.428571 0.028329
3 0.471429 0.720963 0.428571 0.025496
3 0.471429 0.746459 0.428571 0.025496
3 0.500000 0.771955 0.485714 0.025496
3 0.485714 0.797450 0.571429 0.025496
3 0.471429 0.822946 0.600000 0.025496
3 0.471429 0.849858 0.542857 0.028329
3 0.471429 0.876771 0.542857 0.025496
3 0.457143 0.902266 0.571429 0.025496
3 0.457143 0.927762 0.571429 0.025496
3 0.457143 0.954674 0.571429 0.028329
