3 0.475000 0.252525 0.450000 0.040404
3 0.500000 0.303030 0.500000 0.040404
3 0.450000 0.353535 0.300000 0.040404
3 0.475000 0.409091 0.250000 0.030303
3 0.475000 0.459596 0.250000 0.030303
3 0.450000 0.512626 0.300000 0.035354
3 0.450000 0.560606 0.300000 0.040404
3 0.425000 0.613636 0.450000 0.035354
3 0.425000 0.666667 0.450000 0.040404
3 0.425000 0.719697 0.450000 0.035354
3 0.425000 0.770202 0.450000 0.035354
3 0.425000 0.820707 0.550000 0.035354
3 0.400000 0.871212 0.500000 0.035354
3 0.425000 0.921717 0.550000 0.035354
3 0.400000 0.974747 0.500000 0.040404
