3 0.531250 0.214968 0.500000 0.028662
3 0.562500 0.243631 0.437500 0.022293
3 0.531250 0.265924 0.437500 0.022293
3 0.546875 0.296178 0.343750 0.025478
3 0.531250 0.321656 0.375000 0.025478
3 0.515625 0.345541 0.343750 0.022293
3 0.531250 0.371019 0.312500 0.022293
3 0.515625 0.401274 0.343750 0.025478
3 0.531250 0.426752 0.312500 0.025478
3 0.531250 0.450637 0.375000 0.022293
3 0.515625 0.477707 0.218750 0.025478
3 0.515625 0.506369 0.218750 0.025478
3 0.531250 0.533439 0.187500 0.022293
3 0.484375 0.557325 0.218750 0.025478
3 0.484375 0.585987 0.218750 0.025478
3 0.531250 0.608280 0.375000 0.025478
3 0.531250 0.633758 0.187500 0.019108
3 0.515625 0.662420 0.406250 0.025478
3 0.500000 0.689490 0.437500 0.022293
3 0.500000 0.714968 0.375000 0.022293
3 0.500000 0.740446 0.437500 0.022293
3 0.515625 0.769108 0.406250 0.028662
3 0.484375 0.792994 0.531250 0.025478
3 0.484375 0.818471 0.531250 0.025478
3 0.500000 0.843949 0.562500 0.025478
3 0.500000 0.869427 0.562500 0.025478
3 0.468750 0.898089 0.562500 0.025478
3 0.500000 0.923567 0.562500 0.025478
3 0.468750 0.950637 0.562500 0.028662
