3 0.448276 0.224252 0.551724 0.029900
3 0.448276 0.250831 0.482759 0.023256
3 0.482759 0.275748 0.482759 0.026578
3 0.500000 0.302326 0.379310 0.026578
3 0.465517 0.328904 0.379310 0.026578
3 0.465517 0.353821 0.379310 0.023256
3 0.448276 0.380399 0.344828 0.029900
3 0.465517 0.408638 0.379310 0.026578
3 0.500000 0.433555 0.379310 0.023256
3 0.482759 0.458472 0.344828 0.026578
3 0.482759 0.485050 0.275862 0.026578
3 0.500000 0.511628 0.241379 0.026578
3 0.465517 0.536545 0.241379 0.023256
3 0.465517 0.561462 0.241379 0.026578
3 0.465517 0.588040 0.241379 0.026578
3 0.500000 0.614618 0.379310 0.026578
3 0.517241 0.639535 0.206897 0.023256
3 0.500000 0.667774 0.448276 0.026578
3 0.500000 0.694352 0.448276 0.026578
3 0.500000 0.948505 0.517241 0.023256
3 0.500000 0.923588 0.517241 0.026578
3 0.517241 0.895349 0.482759 0.023256
3 0.482759 0.872093 0.482759 0.023256
3 0.482759 0.848837 0.482759 0.029900
3 0.482759 0.823920 0.482759 0.026578
3 0.500000 0.797342 0.517241 0.026578
3 0.500000 0.770764 0.448276 0.026578
3 0.500000 0.747508 0.517241 0.026578
3 0.482759 0.722591 0.413793 0.023256
