3 0.500000 0.219608 0.461538 0.031373
3 0.519231 0.249020 0.423077 0.027451
3 0.538462 0.276471 0.461538 0.027451
3 0.500000 0.301961 0.307692 0.023529
3 0.480769 0.327451 0.346154 0.027451
3 0.500000 0.352941 0.307692 0.023529
3 0.480769 0.376471 0.269231 0.023529
3 0.500000 0.403922 0.307692 0.023529
3 0.519231 0.429412 0.269231 0.027451
3 0.519231 0.458824 0.269231 0.031373
3 0.519231 0.482353 0.192308 0.023529
3 0.500000 0.507843 0.230769 0.027451
3 0.519231 0.533333 0.192308 0.023529
3 0.480769 0.556863 0.192308 0.023529
3 0.480769 0.582353 0.192308 0.027451
3 0.500000 0.613725 0.307692 0.027451
3 0.500000 0.635294 0.153846 0.023529
3 0.519231 0.660784 0.423077 0.027451
3 0.538462 0.686275 0.384615 0.023529
3 0.519231 0.715686 0.423077 0.027451
3 0.500000 0.743137 0.384615 0.027451
3 0.538462 0.768627 0.384615 0.023529
3 0.519231 0.794118 0.500000 0.027451
3 0.500000 0.821569 0.538462 0.027451
3 0.480769 0.843137 0.500000 0.023529
3 0.480769 0.868627 0.500000 0.027451
3 0.480769 0.896078 0.500000 0.027451
3 0.480769 0.921569 0.500000 0.023529
3 0.480769 0.950980 0.500000 0.027451
