3 0.515625 0.957338 0.468750 0.023891
3 0.531250 0.930034 0.500000 0.023891
3 0.562500 0.906143 0.500000 0.023891
3 0.531250 0.882253 0.375000 0.023891
3 0.546875 0.856655 0.343750 0.027304
3 0.531250 0.829352 0.375000 0.027304
3 0.531250 0.803754 0.375000 0.023891
3 0.531250 0.778157 0.437500 0.027304
3 0.531250 0.752560 0.187500 0.023891
3 0.500000 0.726962 0.375000 0.027304
3 0.515625 0.701365 0.218750 0.023891
3 0.484375 0.675768 0.218750 0.027304
3 0.500000 0.648464 0.187500 0.027304
3 0.500000 0.621160 0.187500 0.027304
3 0.500000 0.595563 0.187500 0.023891
3 0.515625 0.571672 0.281250 0.023891
3 0.500000 0.546075 0.312500 0.027304
3 0.500000 0.520478 0.312500 0.023891
3 0.500000 0.496587 0.312500 0.023891
3 0.468750 0.472696 0.312500 0.023891
3 0.484375 0.447099 0.406250 0.027304
3 0.500000 0.419795 0.375000 0.027304
3 0.500000 0.392491 0.437500 0.027304
3 0.500000 0.365188 0.437500 0.027304
3 0.484375 0.339590 0.468750 0.023891
3 0.484375 0.313993 0.468750 0.027304
3 0.484375 0.286689 0.468750 0.027304
3 0.484375 0.259386 0.468750 0.027304
3 0.484375 0.235495 0.531250 0.027304
