3 0.500000 0.221338 0.615385 0.028662
3 0.519231 0.250000 0.576923 0.028662
3 0.519231 0.273885 0.576923 0.025478
3 0.519231 0.300955 0.500000 0.028662
3 0.519231 0.328025 0.423077 0.025478
3 0.500000 0.355096 0.384615 0.028662
3 0.480769 0.382166 0.423077 0.025478
3 0.500000 0.406051 0.461538 0.028662
3 0.500000 0.434713 0.384615 0.028662
3 0.500000 0.460191 0.384615 0.028662
3 0.480769 0.487261 0.346154 0.025478
3 0.500000 0.514331 0.307692 0.028662
3 0.480769 0.538217 0.346154 0.025478
3 0.519231 0.565287 0.346154 0.028662
3 0.500000 0.592357 0.307692 0.025478
3 0.500000 0.619427 0.461538 0.028662
3 0.480769 0.644904 0.269231 0.022293
3 0.500000 0.673567 0.538462 0.028662
3 0.500000 0.697452 0.538462 0.025478
3 0.480769 0.722930 0.576923 0.025478
3 0.500000 0.753185 0.538462 0.028662
3 0.538462 0.780255 0.538462 0.025478
3 0.519231 0.805732 0.653846 0.025478
3 0.500000 0.832803 0.692308 0.028662
3 0.480769 0.856688 0.653846 0.025478
3 0.500000 0.883758 0.615385 0.028662
3 0.480769 0.910828 0.653846 0.025478
3 0.480769 0.936306 0.653846 0.025478
3 0.500000 0.961783 0.692308 0.025478
