3 0.500000 0.945993 0.466667 0.024390
3 0.516667 0.919861 0.500000 0.027875
3 0.483333 0.895470 0.500000 0.027875
3 0.466667 0.869338 0.533333 0.024390
3 0.516667 0.843206 0.500000 0.027875
3 0.500000 0.817073 0.466667 0.024390
3 0.516667 0.794425 0.500000 0.027875
3 0.500000 0.770035 0.400000 0.027875
3 0.533333 0.743902 0.400000 0.031359
3 0.516667 0.717770 0.366667 0.027875
3 0.483333 0.691638 0.366667 0.031359
3 0.500000 0.663763 0.333333 0.031359
3 0.483333 0.635889 0.233333 0.024390
3 0.483333 0.613240 0.366667 0.027875
3 0.483333 0.585366 0.233333 0.027875
3 0.483333 0.559233 0.233333 0.024390
3 0.450000 0.538328 0.166667 0.024390
3 0.466667 0.510453 0.200000 0.024390
3 0.450000 0.484321 0.166667 0.027875
3 0.483333 0.458188 0.300000 0.024390
3 0.466667 0.433798 0.333333 0.024390
3 0.483333 0.409408 0.300000 0.024390
3 0.483333 0.381533 0.300000 0.031359
3 0.466667 0.353659 0.333333 0.024390
3 0.466667 0.331010 0.333333 0.027875
3 0.466667 0.303136 0.333333 0.027875
3 0.466667 0.280488 0.400000 0.024390
3 0.450000 0.226481 0.433333 0.027875
3 0.466667 0.254355 0.466667 0.027875
