3 0.420000 0.952471 0.520000 0.026616
3 0.420000 0.922053 0.520000 0.026616
3 0.400000 0.895437 0.560000 0.026616
3 0.400000 0.868821 0.560000 0.026616
3 0.400000 0.846008 0.560000 0.026616
3 0.420000 0.819392 0.520000 0.026616
3 0.420000 0.792776 0.520000 0.026616
3 0.440000 0.769962 0.400000 0.026616
3 0.440000 0.743346 0.400000 0.026616
3 0.420000 0.224335 0.520000 0.030418
3 0.440000 0.254753 0.480000 0.022814
3 0.440000 0.277567 0.480000 0.022814
3 0.400000 0.304183 0.400000 0.022814
3 0.440000 0.328897 0.320000 0.026616
3 0.420000 0.357414 0.360000 0.022814
3 0.420000 0.384030 0.360000 0.022814
3 0.440000 0.406844 0.400000 0.022814
3 0.440000 0.431559 0.400000 0.026616
3 0.440000 0.458175 0.320000 0.026616
3 0.420000 0.482890 0.200000 0.022814
3 0.440000 0.511407 0.240000 0.026616
3 0.420000 0.536122 0.200000 0.022814
3 0.420000 0.562738 0.200000 0.022814
3 0.400000 0.589354 0.240000 0.022814
3 0.400000 0.615970 0.400000 0.030418
3 0.400000 0.638783 0.160000 0.022814
3 0.420000 0.716730 0.440000 0.026616
3 0.420000 0.690114 0.360000 0.026616
3 0.420000 0.665399 0.440000 0.022814
