3 0.466667 0.960815 0.600000 0.021944
3 0.466667 0.935737 0.600000 0.028213
3 0.466667 0.907524 0.600000 0.028213
3 0.450000 0.880878 0.566667 0.025078
3 0.416667 0.855799 0.566667 0.025078
3 0.433333 0.829154 0.533333 0.028213
3 0.450000 0.800940 0.566667 0.028213
3 0.433333 0.778997 0.466667 0.021944
3 0.416667 0.753918 0.433333 0.028213
3 0.400000 0.725705 0.466667 0.028213
3 0.416667 0.697492 0.433333 0.028213
3 0.433333 0.669279 0.400000 0.028213
3 0.433333 0.644201 0.266667 0.021944
3 0.433333 0.619122 0.400000 0.028213
3 0.416667 0.595611 0.233333 0.025078
3 0.416667 0.567398 0.233333 0.031348
3 0.416667 0.539185 0.233333 0.025078
3 0.416667 0.512539 0.233333 0.028213
3 0.416667 0.484326 0.233333 0.028213
3 0.416667 0.459248 0.366667 0.028213
3 0.433333 0.432602 0.400000 0.025078
3 0.416667 0.404389 0.433333 0.025078
3 0.433333 0.380878 0.400000 0.028213
3 0.433333 0.354232 0.400000 0.025078
3 0.433333 0.329154 0.400000 0.025078
3 0.400000 0.302508 0.400000 0.028213
3 0.450000 0.274295 0.500000 0.028213
3 0.450000 0.249216 0.500000 0.028213
3 0.416667 0.219436 0.500000 0.031348
