3 0.483333 0.218121 0.366667 0.026846
3 0.500000 0.248322 0.333333 0.026846
3 0.500000 0.276846 0.333333 0.023490
3 0.533333 0.302013 0.333333 0.026846
3 0.483333 0.327181 0.233333 0.023490
3 0.500000 0.354027 0.200000 0.030201
3 0.466667 0.377517 0.200000 0.023490
3 0.466667 0.402685 0.200000 0.026846
3 0.516667 0.429530 0.233333 0.026846
3 0.483333 0.456376 0.366667 0.026846
3 0.516667 0.483221 0.433333 0.026846
3 0.500000 0.508389 0.466667 0.023490
3 0.516667 0.533557 0.433333 0.026846
3 0.533333 0.560403 0.466667 0.026846
3 0.500000 0.587248 0.400000 0.026846
3 0.500000 0.612416 0.466667 0.023490
3 0.516667 0.640940 0.566667 0.026846
3 0.483333 0.666107 0.566667 0.023490
3 0.500000 0.691275 0.600000 0.026846
3 0.516667 0.718121 0.566667 0.026846
3 0.500000 0.746644 0.600000 0.023490
3 0.500000 0.771812 0.600000 0.026846
3 0.500000 0.798658 0.600000 0.026846
3 0.500000 0.825503 0.600000 0.026846
3 0.516667 0.852349 0.566667 0.026846
3 0.483333 0.879195 0.566667 0.026846
3 0.500000 0.906040 0.533333 0.026846
3 0.483333 0.931208 0.566667 0.023490
3 0.483333 0.956376 0.566667 0.026846
