3 0.500000 0.215488 0.555556 0.026936
3 0.481481 0.242424 0.518519 0.026936
3 0.500000 0.269360 0.481481 0.026936
3 0.481481 0.294613 0.370370 0.023569
3 0.481481 0.321549 0.370370 0.023569
3 0.462963 0.348485 0.407407 0.023569
3 0.481481 0.377104 0.370370 0.026936
3 0.462963 0.404040 0.333333 0.026936
3 0.481481 0.427609 0.370370 0.026936
3 0.481481 0.454545 0.370370 0.026936
3 0.462963 0.481481 0.259259 0.026936
3 0.481481 0.510101 0.222222 0.030303
3 0.444444 0.533670 0.222222 0.023569
3 0.444444 0.558923 0.222222 0.026936
3 0.462963 0.585859 0.259259 0.026936
3 0.481481 0.612795 0.444444 0.026936
3 0.481481 0.639731 0.222222 0.026936
3 0.500000 0.668350 0.407407 0.030303
3 0.481481 0.691919 0.444444 0.023569
3 0.481481 0.718855 0.444444 0.030303
3 0.481481 0.747475 0.444444 0.026936
3 0.481481 0.771044 0.444444 0.026936
3 0.462963 0.797980 0.555556 0.026936
3 0.462963 0.824916 0.555556 0.026936
3 0.481481 0.850168 0.592593 0.023569
3 0.481481 0.878788 0.592593 0.026936
3 0.481481 0.905724 0.592593 0.026936
3 0.481481 0.932660 0.592593 0.026936
3 0.444444 0.959596 0.592593 0.026936
