3 0.437500 0.220968 0.312500 0.029032
3 0.468750 0.248387 0.312500 0.025806
3 0.468750 0.274194 0.312500 0.025806
3 0.468750 0.301613 0.312500 0.029032
3 0.453125 0.329032 0.156250 0.025806
3 0.468750 0.354839 0.187500 0.025806
3 0.468750 0.375806 0.187500 0.022581
3 0.468750 0.404839 0.187500 0.029032
3 0.468750 0.432258 0.187500 0.025806
3 0.453125 0.454839 0.343750 0.025806
3 0.453125 0.483871 0.406250 0.025806
3 0.468750 0.509677 0.375000 0.025806
3 0.484375 0.535484 0.406250 0.025806
3 0.500000 0.561290 0.437500 0.025806
3 0.500000 0.587097 0.437500 0.025806
3 0.484375 0.612903 0.406250 0.025806
3 0.500000 0.640323 0.500000 0.029032
3 0.453125 0.667742 0.531250 0.025806
3 0.468750 0.693548 0.500000 0.025806
3 0.484375 0.717742 0.468750 0.022581
3 0.484375 0.741935 0.468750 0.025806
3 0.500000 0.769355 0.500000 0.029032
3 0.515625 0.796774 0.531250 0.025806
3 0.484375 0.822581 0.531250 0.025806
3 0.500000 0.850000 0.500000 0.029032
3 0.453125 0.877419 0.468750 0.025806
3 0.484375 0.903226 0.531250 0.025806
3 0.484375 0.927419 0.531250 0.022581
3 0.468750 0.953226 0.500000 0.029032
