3 0.485294 0.220238 0.323529 0.029762
3 0.485294 0.248512 0.323529 0.026786
3 0.514706 0.273810 0.323529 0.023810
3 0.500000 0.300595 0.294118 0.023810
3 0.500000 0.325893 0.176471 0.026786
3 0.485294 0.352679 0.205882 0.026786
3 0.485294 0.380952 0.205882 0.023810
3 0.485294 0.401786 0.205882 0.023810
3 0.500000 0.430060 0.176471 0.026786
3 0.500000 0.453869 0.352941 0.026786
3 0.500000 0.480655 0.411765 0.026786
3 0.514706 0.507440 0.382353 0.026786
3 0.529412 0.532738 0.411765 0.023810
3 0.500000 0.556548 0.411765 0.023810
3 0.500000 0.581845 0.411765 0.026786
3 0.514706 0.607143 0.441176 0.023810
3 0.529412 0.633929 0.529412 0.023810
3 0.514706 0.663690 0.500000 0.023810
3 0.529412 0.686012 0.529412 0.026786
3 0.514706 0.714286 0.500000 0.023810
3 0.529412 0.741071 0.529412 0.023810
3 0.500000 0.764881 0.529412 0.023810
3 0.514706 0.791667 0.500000 0.023810
3 0.514706 0.819940 0.558824 0.026786
3 0.514706 0.845238 0.500000 0.023810
3 0.485294 0.872024 0.500000 0.023810
3 0.500000 0.898810 0.529412 0.023810
3 0.500000 0.922619 0.529412 0.023810
3 0.500000 0.946429 0.529412 0.023810
