3 0.551724 0.953074 0.620690 0.022654
3 0.517241 0.928803 0.551724 0.025890
3 0.517241 0.902913 0.551724 0.025890
3 0.500000 0.875405 0.586207 0.029126
3 0.517241 0.847896 0.551724 0.025890
3 0.500000 0.822006 0.517241 0.025890
3 0.517241 0.799353 0.551724 0.025890
3 0.517241 0.773463 0.551724 0.025890
3 0.517241 0.745955 0.551724 0.029126
3 0.551724 0.718447 0.620690 0.025890
3 0.551724 0.692557 0.620690 0.025890
3 0.534483 0.666667 0.586207 0.025890
3 0.534483 0.644013 0.586207 0.025890
3 0.517241 0.618123 0.482759 0.025890
3 0.517241 0.592233 0.482759 0.025890
3 0.517241 0.566343 0.482759 0.025890
3 0.534483 0.540453 0.448276 0.025890
3 0.517241 0.511327 0.413793 0.025890
3 0.534483 0.487055 0.448276 0.022654
3 0.534483 0.459547 0.448276 0.025890
3 0.482759 0.433657 0.275862 0.025890
3 0.465517 0.407767 0.241379 0.025890
3 0.482759 0.380259 0.206897 0.022654
3 0.465517 0.355987 0.241379 0.025890
3 0.482759 0.330097 0.206897 0.025890
3 0.482759 0.304207 0.344828 0.025890
3 0.517241 0.278317 0.344828 0.025890
3 0.500000 0.252427 0.379310 0.025890
3 0.500000 0.224919 0.379310 0.029126
