3 0.450000 0.225753 0.366667 0.030100
3 0.450000 0.254181 0.300000 0.026756
3 0.466667 0.279264 0.333333 0.023411
3 0.483333 0.306020 0.366667 0.030100
3 0.450000 0.332776 0.233333 0.023411
3 0.450000 0.354515 0.233333 0.026756
3 0.466667 0.379599 0.200000 0.023411
3 0.466667 0.404682 0.200000 0.026756
3 0.483333 0.433110 0.233333 0.030100
3 0.483333 0.458194 0.366667 0.026756
3 0.500000 0.484950 0.400000 0.026756
3 0.500000 0.510033 0.400000 0.023411
3 0.516667 0.538462 0.433333 0.026756
3 0.516667 0.563545 0.433333 0.023411
3 0.516667 0.588629 0.433333 0.026756
3 0.500000 0.613712 0.400000 0.023411
3 0.500000 0.640468 0.533333 0.030100
3 0.500000 0.667224 0.533333 0.023411
3 0.500000 0.692308 0.533333 0.026756
3 0.483333 0.717391 0.566667 0.023411
3 0.500000 0.742475 0.533333 0.026756
3 0.500000 0.769231 0.533333 0.026756
3 0.483333 0.795987 0.500000 0.026756
3 0.466667 0.824415 0.533333 0.023411
3 0.466667 0.847826 0.533333 0.023411
3 0.466667 0.872910 0.533333 0.026756
3 0.483333 0.903010 0.500000 0.026756
3 0.483333 0.928094 0.500000 0.023411
3 0.466667 0.953177 0.533333 0.026756
