3 0.464286 0.217188 0.500000 0.034375
3 0.500000 0.246875 0.500000 0.025000
3 0.500000 0.271875 0.500000 0.025000
3 0.500000 0.298438 0.428571 0.028125
3 0.482143 0.325000 0.392857 0.025000
3 0.482143 0.350000 0.392857 0.025000
3 0.482143 0.376563 0.392857 0.028125
3 0.446429 0.401562 0.392857 0.028125
3 0.464286 0.429688 0.357143 0.028125
3 0.464286 0.457813 0.357143 0.028125
3 0.464286 0.484375 0.285714 0.025000
3 0.446429 0.509375 0.250000 0.025000
3 0.446429 0.535937 0.250000 0.028125
3 0.428571 0.560937 0.214286 0.028125
3 0.446429 0.587500 0.250000 0.025000
3 0.446429 0.614062 0.392857 0.028125
3 0.464286 0.640625 0.214286 0.025000
3 0.446429 0.667188 0.464286 0.028125
3 0.446429 0.693750 0.464286 0.025000
3 0.464286 0.720313 0.500000 0.028125
3 0.464286 0.746875 0.500000 0.025000
3 0.482143 0.773438 0.535714 0.028125
3 0.446429 0.800000 0.607143 0.025000
3 0.446429 0.825000 0.607143 0.025000
3 0.446429 0.851562 0.607143 0.028125
3 0.446429 0.878125 0.607143 0.025000
3 0.446429 0.903125 0.607143 0.025000
3 0.428571 0.929688 0.642857 0.028125
3 0.410714 0.957812 0.678571 0.028125
