3 0.450000 0.224590 0.366667 0.029508
3 0.450000 0.254098 0.366667 0.029508
3 0.433333 0.280328 0.333333 0.029508
3 0.450000 0.308197 0.300000 0.026230
3 0.450000 0.334426 0.233333 0.026230
3 0.450000 0.360656 0.233333 0.026230
3 0.450000 0.386885 0.233333 0.026230
3 0.450000 0.413115 0.233333 0.026230
3 0.483333 0.439344 0.233333 0.026230
3 0.483333 0.463934 0.366667 0.022951
3 0.483333 0.490164 0.433333 0.029508
3 0.483333 0.518033 0.433333 0.026230
3 0.466667 0.544262 0.466667 0.026230
3 0.483333 0.572131 0.433333 0.029508
3 0.483333 0.596721 0.433333 0.026230
3 0.500000 0.622951 0.400000 0.026230
3 0.516667 0.649180 0.500000 0.026230
3 0.466667 0.675410 0.533333 0.026230
3 0.466667 0.701639 0.533333 0.026230
3 0.466667 0.729508 0.533333 0.029508
3 0.466667 0.754098 0.533333 0.026230
3 0.466667 0.778689 0.533333 0.029508
3 0.483333 0.806557 0.500000 0.026230
3 0.500000 0.832787 0.533333 0.026230
3 0.516667 0.859016 0.566667 0.026230
3 0.500000 0.885246 0.600000 0.026230
3 0.483333 0.909836 0.566667 0.022951
3 0.500000 0.936066 0.600000 0.029508
3 0.483333 0.963934 0.566667 0.026230
