3 0.519231 0.226148 0.423077 0.028269
3 0.500000 0.252650 0.384615 0.024735
3 0.519231 0.277385 0.346154 0.024735
3 0.557692 0.302120 0.346154 0.024735
3 0.519231 0.328622 0.269231 0.021201
3 0.500000 0.358657 0.230769 0.031802
3 0.500000 0.386926 0.230769 0.024735
3 0.500000 0.411661 0.230769 0.024735
3 0.519231 0.438163 0.192308 0.028269
3 0.500000 0.461131 0.384615 0.024735
3 0.500000 0.491166 0.384615 0.028269
3 0.500000 0.517668 0.384615 0.024735
3 0.519231 0.538869 0.423077 0.024735
3 0.519231 0.565371 0.423077 0.028269
3 0.500000 0.593640 0.461538 0.028269
3 0.500000 0.620141 0.461538 0.024735
3 0.461538 0.646643 0.538462 0.028269
3 0.480769 0.673145 0.500000 0.024735
3 0.461538 0.697880 0.538462 0.024735
3 0.500000 0.722615 0.538462 0.024735
3 0.480769 0.749117 0.576923 0.028269
3 0.461538 0.775618 0.538462 0.024735
3 0.461538 0.802120 0.538462 0.028269
3 0.480769 0.828622 0.576923 0.024735
3 0.480769 0.853357 0.576923 0.024735
3 0.442308 0.878092 0.576923 0.024735
3 0.461538 0.904594 0.538462 0.028269
3 0.442308 0.932862 0.576923 0.028269
3 0.461538 0.959364 0.615385 0.024735
