3 0.483333 0.222756 0.500000 0.028846
3 0.483333 0.253205 0.500000 0.025641
3 0.466667 0.278846 0.466667 0.025641
3 0.466667 0.302885 0.400000 0.022436
3 0.450000 0.326923 0.366667 0.025641
3 0.466667 0.355769 0.333333 0.025641
3 0.466667 0.381410 0.333333 0.025641
3 0.466667 0.408654 0.333333 0.028846
3 0.500000 0.435897 0.333333 0.025641
3 0.466667 0.463141 0.333333 0.028846
3 0.466667 0.487179 0.266667 0.025641
3 0.466667 0.511218 0.200000 0.028846
3 0.450000 0.538462 0.166667 0.025641
3 0.466667 0.567308 0.200000 0.032051
3 0.466667 0.592949 0.200000 0.025641
3 0.483333 0.618590 0.433333 0.025641
3 0.516667 0.642628 0.233333 0.022436
3 0.516667 0.671474 0.433333 0.028846
3 0.466667 0.695513 0.400000 0.025641
3 0.466667 0.721154 0.400000 0.025641
3 0.500000 0.750000 0.400000 0.025641
3 0.466667 0.774038 0.400000 0.022436
3 0.450000 0.801282 0.566667 0.025641
3 0.466667 0.828526 0.533333 0.028846
3 0.466667 0.855769 0.533333 0.025641
3 0.483333 0.881410 0.500000 0.025641
3 0.466667 0.907051 0.533333 0.025641
3 0.483333 0.932692 0.566667 0.025641
3 0.433333 0.958333 0.533333 0.025641
