3 0.548387 0.956869 0.516129 0.022364
3 0.564516 0.928115 0.548387 0.028754
3 0.548387 0.902556 0.516129 0.022364
3 0.548387 0.876997 0.516129 0.028754
3 0.548387 0.849840 0.516129 0.025559
3 0.548387 0.824281 0.516129 0.025559
3 0.532258 0.795527 0.548387 0.025559
3 0.516129 0.769968 0.387097 0.025559
3 0.532258 0.744409 0.419355 0.025559
3 0.516129 0.717252 0.387097 0.028754
3 0.516129 0.690096 0.387097 0.025559
3 0.516129 0.661342 0.387097 0.025559
3 0.548387 0.635783 0.193548 0.025559
3 0.532258 0.610224 0.354839 0.025559
3 0.548387 0.586262 0.193548 0.028754
3 0.548387 0.560703 0.193548 0.028754
3 0.532258 0.530351 0.161290 0.025559
3 0.532258 0.504792 0.161290 0.025559
3 0.548387 0.479233 0.193548 0.025559
3 0.532258 0.453674 0.354839 0.025559
3 0.516129 0.428115 0.322581 0.025559
3 0.532258 0.402556 0.354839 0.025559
3 0.532258 0.375399 0.354839 0.028754
3 0.548387 0.349840 0.387097 0.022364
3 0.548387 0.324281 0.387097 0.028754
3 0.532258 0.297125 0.354839 0.025559
3 0.548387 0.271565 0.451613 0.025559
3 0.564516 0.244409 0.483871 0.028754
3 0.548387 0.218850 0.516129 0.028754
