3 0.482143 0.980769 0.607143 0.025084
3 0.482143 0.953177 0.571429 0.026756
3 0.464286 0.926421 0.571429 0.026756
3 0.473214 0.899666 0.589286 0.026756
3 0.473214 0.873746 0.589286 0.025084
3 0.491071 0.848662 0.589286 0.025084
3 0.491071 0.823579 0.625000 0.021739
3 0.491071 0.797659 0.482143 0.026756
3 0.500000 0.770903 0.428571 0.026756
3 0.500000 0.744983 0.428571 0.025084
3 0.491071 0.717391 0.446429 0.026756
3 0.500000 0.691472 0.428571 0.025084
3 0.500000 0.665552 0.428571 0.026756
3 0.500000 0.639632 0.428571 0.025084
3 0.473214 0.614548 0.232143 0.025084
3 0.482143 0.586957 0.214286 0.026756
3 0.500000 0.562709 0.214286 0.021739
3 0.500000 0.536789 0.214286 0.026756
3 0.491071 0.510033 0.232143 0.026756
3 0.526786 0.484950 0.339286 0.026756
3 0.535714 0.458194 0.357143 0.023411
3 0.508929 0.432274 0.410714 0.028428
3 0.517857 0.403010 0.392857 0.026756
3 0.517857 0.379599 0.392857 0.026756
3 0.535714 0.352843 0.392857 0.026756
3 0.517857 0.327759 0.392857 0.023411
3 0.535714 0.301003 0.500000 0.026756
3 0.535714 0.273411 0.500000 0.025084
3 0.517857 0.246656 0.535714 0.025084
