3 0.486486 0.171817 0.324324 0.027194
3 0.500000 0.200865 0.297297 0.025958
3 0.500000 0.227441 0.297297 0.024722
3 0.506757 0.254635 0.283784 0.024722
3 0.506757 0.283684 0.202703 0.025958
3 0.513514 0.310878 0.189189 0.025958
3 0.513514 0.338072 0.216216 0.023486
3 0.493243 0.365884 0.202703 0.027194
3 0.486486 0.394932 0.189189 0.023486
3 0.500000 0.421508 0.351351 0.024722
3 0.493243 0.449938 0.202703 0.024722
3 0.486486 0.476514 0.378378 0.023486
3 0.479730 0.503708 0.364865 0.023486
3 0.500000 0.530902 0.378378 0.025958
3 0.506757 0.559951 0.364865 0.024722
3 0.479730 0.586527 0.364865 0.023486
3 0.493243 0.616193 0.445946 0.025958
3 0.486486 0.642769 0.459459 0.024722
3 0.486486 0.670581 0.459459 0.025958
3 0.479730 0.699011 0.445946 0.023486
3 0.486486 0.726205 0.459459 0.025958
3 0.493243 0.753399 0.445946 0.023486
3 0.486486 0.781829 0.459459 0.025958
3 0.486486 0.810878 0.459459 0.024722
3 0.486486 0.838690 0.459459 0.023486
3 0.479730 0.866502 0.472973 0.024722
3 0.472973 0.893696 0.459459 0.022250
3 0.486486 0.921508 0.459459 0.025958
3 0.479730 0.950556 0.445946 0.024722
