3 0.520833 0.906137 0.375000 0.028881
3 0.500000 0.875451 0.375000 0.025271
3 0.489583 0.850181 0.395833 0.025271
3 0.500000 0.824007 0.375000 0.027076
3 0.479167 0.797834 0.375000 0.025271
3 0.479167 0.772563 0.375000 0.025271
3 0.520833 0.747292 0.250000 0.025271
3 0.510417 0.722022 0.270833 0.025271
3 0.520833 0.697653 0.208333 0.023466
3 0.520833 0.673285 0.208333 0.021661
3 0.541667 0.648014 0.250000 0.025271
3 0.520833 0.620939 0.500000 0.021661
3 0.520833 0.596570 0.416667 0.023466
3 0.510417 0.408845 0.229167 0.023466
3 0.500000 0.382671 0.250000 0.021661
3 0.520833 0.358303 0.250000 0.023466
3 0.520833 0.333032 0.416667 0.027076
3 0.531250 0.305054 0.395833 0.025271
3 0.531250 0.280686 0.437500 0.023466
3 0.531250 0.255415 0.437500 0.027076
3 0.531250 0.229242 0.437500 0.025271
3 0.541667 0.203971 0.416667 0.025271
3 0.520833 0.178700 0.458333 0.025271
3 0.541667 0.152527 0.541667 0.027076
3 0.510417 0.128159 0.520833 0.025271
3 0.520833 0.101986 0.541667 0.027076
