3 0.525641 0.118265 0.256410 0.026281
3 0.519231 0.147832 0.294872 0.027595
3 0.506410 0.176741 0.269231 0.024967
3 0.487179 0.205650 0.282051 0.024967
3 0.493590 0.233903 0.243590 0.026281
3 0.493590 0.262812 0.269231 0.026281
3 0.487179 0.291064 0.179487 0.024967
3 0.493590 0.317346 0.166667 0.024967
3 0.500000 0.344941 0.153846 0.024967
3 0.500000 0.376478 0.153846 0.024967
3 0.506410 0.404074 0.141026 0.022339
3 0.500000 0.429698 0.307692 0.023653
3 0.512821 0.459264 0.282051 0.024967
3 0.519231 0.915900 0.346154 0.023653
3 0.519231 0.888962 0.346154 0.022339
3 0.506410 0.863338 0.346154 0.023653
3 0.506410 0.837057 0.243590 0.023653
3 0.500000 0.810118 0.256410 0.024967
3 0.506410 0.783837 0.243590 0.022339
3 0.506410 0.756899 0.243590 0.023653
3 0.512821 0.730618 0.230769 0.023653
3 0.512821 0.704993 0.230769 0.022339
3 0.506410 0.676741 0.243590 0.023653
3 0.500000 0.649803 0.153846 0.022339
3 0.500000 0.622865 0.128205 0.023653
3 0.500000 0.595269 0.153846 0.023653
