3 0.472222 0.181818 0.333333 0.024907
3 0.479167 0.210461 0.291667 0.024907
3 0.479167 0.238481 0.291667 0.023661
3 0.486111 0.266501 0.277778 0.024907
3 0.472222 0.293898 0.194444 0.024907
3 0.479167 0.321295 0.208333 0.024907
3 0.479167 0.349315 0.208333 0.023661
3 0.479167 0.377335 0.208333 0.024907
3 0.472222 0.405355 0.166667 0.023661
3 0.493056 0.433998 0.347222 0.026152
3 0.465278 0.460772 0.152778 0.022416
3 0.458333 0.489415 0.333333 0.024907
3 0.472222 0.517435 0.333333 0.023661
3 0.472222 0.545455 0.361111 0.024907
3 0.479167 0.572852 0.375000 0.022416
3 0.472222 0.600872 0.361111 0.023661
3 0.472222 0.628269 0.444444 0.023661
3 0.479167 0.655044 0.458333 0.024907
3 0.479167 0.683686 0.458333 0.024907
3 0.472222 0.710461 0.444444 0.023661
3 0.479167 0.737235 0.458333 0.024907
3 0.479167 0.765255 0.458333 0.023661
3 0.486111 0.792653 0.472222 0.023661
3 0.465278 0.820050 0.458333 0.023661
3 0.472222 0.846824 0.472222 0.022416
3 0.465278 0.874222 0.458333 0.022416
3 0.472222 0.900996 0.444444 0.023661
3 0.479167 0.927148 0.430556 0.021171
3 0.451389 0.954545 0.430556 0.023661
