3 0.451389 0.101494 0.263889 0.026152
3 0.451389 0.130137 0.291667 0.026152
3 0.486111 0.156912 0.277778 0.024907
3 0.486111 0.184932 0.277778 0.026152
3 0.486111 0.212951 0.194444 0.027397
3 0.500000 0.240349 0.194444 0.024907
3 0.493056 0.266501 0.208333 0.024907
3 0.486111 0.292030 0.194444 0.026152
3 0.479167 0.320672 0.208333 0.026152
3 0.493056 0.350560 0.319444 0.023661
3 0.493056 0.376712 0.347222 0.023661
3 0.500000 0.402242 0.333333 0.024907
3 0.506944 0.430884 0.319444 0.027397
3 0.493056 0.565380 0.430556 0.027397
3 0.486111 0.594022 0.444444 0.024907
3 0.486111 0.619552 0.416667 0.023661
3 0.493056 0.646949 0.347222 0.026152
3 0.486111 0.675592 0.333333 0.023661
3 0.493056 0.704234 0.347222 0.023661
3 0.486111 0.729141 0.333333 0.023661
3 0.486111 0.756538 0.305556 0.026152
3 0.506944 0.783935 0.319444 0.026152
3 0.500000 0.812578 0.305556 0.023661
3 0.472222 0.839352 0.194444 0.024907
3 0.472222 0.866750 0.166667 0.024907
3 0.472222 0.896015 0.166667 0.023661
