3 0.480519 0.175892 0.389610 0.024600
3 0.493506 0.203567 0.363636 0.023370
3 0.493506 0.230627 0.363636 0.023370
3 0.487013 0.258303 0.298701 0.024600
3 0.493506 0.285363 0.285714 0.024600
3 0.500000 0.313038 0.272727 0.023370
3 0.480519 0.341328 0.285714 0.023370
3 0.487013 0.368389 0.298701 0.025830
3 0.493506 0.396679 0.311688 0.025830
3 0.500000 0.423739 0.298701 0.025830
3 0.500000 0.450800 0.168831 0.025830
3 0.500000 0.477860 0.168831 0.025830
3 0.493506 0.506150 0.155844 0.025830
3 0.500000 0.534440 0.168831 0.025830
3 0.500000 0.562731 0.168831 0.025830
3 0.512987 0.589791 0.350649 0.025830
3 0.512987 0.616236 0.350649 0.024600
3 0.506494 0.644526 0.363636 0.024600
3 0.506494 0.672202 0.363636 0.025830
3 0.500000 0.700492 0.350649 0.025830
3 0.493506 0.727552 0.337662 0.023370
3 0.506494 0.754613 0.363636 0.025830
3 0.519481 0.783518 0.441558 0.024600
3 0.512987 0.810578 0.428571 0.024600
3 0.525974 0.839483 0.428571 0.025830
3 0.519481 0.866544 0.415584 0.023370
3 0.519481 0.894219 0.415584 0.027060
3 0.519481 0.922509 0.415584 0.024600
3 0.532468 0.950185 0.415584 0.025830
