3 0.500000 0.949564 0.472222 0.023661
3 0.493056 0.922790 0.486111 0.024907
3 0.500000 0.896015 0.472222 0.026152
3 0.500000 0.867372 0.472222 0.023661
3 0.506944 0.842466 0.458333 0.023661
3 0.506944 0.816314 0.458333 0.026152
3 0.493056 0.788294 0.458333 0.024907
3 0.500000 0.761519 0.333333 0.026152
3 0.486111 0.734745 0.333333 0.024907
3 0.493056 0.706725 0.347222 0.026152
3 0.486111 0.679328 0.333333 0.026152
3 0.472222 0.652553 0.361111 0.024907
3 0.486111 0.624533 0.361111 0.026152
3 0.493056 0.596513 0.319444 0.024907
3 0.479167 0.568493 0.152778 0.023661
3 0.472222 0.540473 0.194444 0.024907
3 0.472222 0.514321 0.222222 0.024907
3 0.486111 0.485679 0.194444 0.027397
3 0.472222 0.457659 0.194444 0.023661
3 0.472222 0.430262 0.305556 0.026152
3 0.500000 0.403487 0.305556 0.024907
3 0.479167 0.375467 0.291667 0.026152
3 0.472222 0.346824 0.333333 0.026152
3 0.493056 0.319427 0.347222 0.023661
3 0.486111 0.290785 0.305556 0.026152
3 0.493056 0.264010 0.347222 0.024907
3 0.500000 0.234745 0.416667 0.023661
3 0.500000 0.207970 0.444444 0.024907
3 0.493056 0.179328 0.430556 0.024907
