3 0.482143 0.244681 0.642857 0.027356
3 0.508929 0.272796 0.553571 0.025836
3 0.491071 0.298632 0.589286 0.025836
3 0.508929 0.325228 0.410714 0.024316
3 0.508929 0.351824 0.410714 0.022796
3 0.491071 0.378419 0.410714 0.024316
3 0.482143 0.404255 0.428571 0.024316
3 0.473214 0.430851 0.410714 0.022796
3 0.508929 0.455927 0.410714 0.027356
3 0.500000 0.485562 0.392857 0.025836
3 0.473214 0.508359 0.196429 0.025836
3 0.482143 0.534195 0.250000 0.022796
3 0.473214 0.560790 0.232143 0.021277
3 0.473214 0.588146 0.232143 0.024316
3 0.464286 0.614742 0.214286 0.025836
3 0.482143 0.640578 0.464286 0.025836
3 0.491071 0.667933 0.482143 0.025836
3 0.491071 0.693009 0.482143 0.027356
3 0.500000 0.718845 0.500000 0.027356
3 0.491071 0.746201 0.517857 0.027356
3 0.500000 0.772796 0.535714 0.025836
3 0.500000 0.798632 0.500000 0.025836
3 0.482143 0.826748 0.642857 0.027356
3 0.482143 0.851824 0.678571 0.025836
3 0.473214 0.877660 0.696429 0.025836
3 0.482143 0.902736 0.678571 0.027356
3 0.464286 0.929331 0.678571 0.025836
3 0.473214 0.956687 0.660714 0.025836
3 0.491071 0.983283 0.660714 0.027356
