3 0.500000 0.433878 0.406250 0.023774
3 0.515625 0.406389 0.406250 0.022288
3 0.515625 0.379643 0.406250 0.022288
3 0.507812 0.351412 0.390625 0.022288
3 0.507812 0.323923 0.421875 0.023774
3 0.500000 0.297177 0.312500 0.023774
3 0.507812 0.268945 0.296875 0.023774
3 0.507812 0.242942 0.296875 0.022288
3 0.523438 0.215453 0.328125 0.023774
3 0.500000 0.187221 0.312500 0.023774
3 0.500000 0.160475 0.156250 0.023774
3 0.515625 0.133730 0.312500 0.023774
3 0.515625 0.105498 0.156250 0.023774
3 0.546875 0.895245 0.156250 0.025260
3 0.554688 0.867756 0.140625 0.023774
3 0.546875 0.839525 0.156250 0.023774
3 0.562500 0.812036 0.156250 0.025260
3 0.562500 0.785290 0.156250 0.025260
3 0.539062 0.757058 0.328125 0.025260
3 0.554688 0.728826 0.140625 0.022288
3 0.539062 0.700594 0.296875 0.022288
3 0.539062 0.674591 0.328125 0.023774
3 0.531250 0.647103 0.343750 0.025260
3 0.523438 0.619614 0.328125 0.023774
3 0.523438 0.591382 0.328125 0.023774
3 0.523438 0.563893 0.421875 0.025260
