3 0.475000 0.180098 0.300000 0.028083
3 0.475000 0.208181 0.300000 0.025641
3 0.481250 0.234432 0.312500 0.024420
3 0.475000 0.261294 0.300000 0.024420
3 0.468750 0.289377 0.162500 0.024420
3 0.468750 0.316239 0.187500 0.024420
3 0.481250 0.343712 0.162500 0.023199
3 0.481250 0.371184 0.162500 0.026862
3 0.487500 0.399878 0.175000 0.025641
3 0.500000 0.427961 0.300000 0.025641
3 0.487500 0.453602 0.125000 0.023199
3 0.487500 0.481685 0.325000 0.025641
3 0.500000 0.509158 0.325000 0.024420
3 0.493750 0.536020 0.337500 0.024420
3 0.493750 0.564713 0.337500 0.025641
3 0.493750 0.592186 0.337500 0.024420
3 0.493750 0.619658 0.412500 0.025641
3 0.493750 0.646520 0.412500 0.023199
3 0.506250 0.674603 0.412500 0.025641
3 0.500000 0.702076 0.425000 0.024420
3 0.512500 0.730159 0.425000 0.026862
3 0.512500 0.757021 0.425000 0.024420
3 0.506250 0.784493 0.412500 0.025641
3 0.506250 0.811966 0.412500 0.024420
3 0.506250 0.839438 0.412500 0.023199
3 0.512500 0.865690 0.425000 0.024420
3 0.506250 0.894994 0.412500 0.024420
3 0.506250 0.921856 0.412500 0.024420
3 0.512500 0.949328 0.425000 0.025641
