3 0.526786 0.249164 0.589286 0.026756
3 0.526786 0.276756 0.553571 0.025084
3 0.553571 0.302676 0.500000 0.026756
3 0.544643 0.329431 0.410714 0.026756
3 0.526786 0.357860 0.410714 0.026756
3 0.535714 0.381271 0.321429 0.023411
3 0.535714 0.408027 0.392857 0.026756
3 0.535714 0.435619 0.392857 0.025084
3 0.562500 0.462375 0.339286 0.028428
3 0.553571 0.488294 0.357143 0.026756
3 0.535714 0.511706 0.285714 0.026756
3 0.535714 0.539298 0.250000 0.028428
3 0.535714 0.566054 0.250000 0.025084
3 0.517857 0.592809 0.250000 0.028428
3 0.553571 0.620401 0.285714 0.026756
3 0.562500 0.645485 0.446429 0.026756
3 0.553571 0.670569 0.428571 0.023411
3 0.544643 0.698161 0.482143 0.028428
3 0.562500 0.723244 0.517857 0.025084
3 0.553571 0.750836 0.500000 0.026756
3 0.571429 0.776756 0.500000 0.025084
3 0.571429 0.802676 0.464286 0.023411
3 0.562500 0.830268 0.589286 0.025084
3 0.562500 0.856187 0.625000 0.026756
3 0.544643 0.880435 0.589286 0.021739
3 0.553571 0.903846 0.571429 0.025084
3 0.535714 0.931438 0.607143 0.026756
3 0.562500 0.959030 0.625000 0.025084
3 0.553571 0.983278 0.607143 0.023411
