3 0.492188 0.098811 0.234375 0.025260
3 0.484375 0.126300 0.250000 0.023774
3 0.515625 0.153789 0.250000 0.022288
3 0.515625 0.182764 0.218750 0.023774
3 0.507812 0.210996 0.140625 0.023774
3 0.515625 0.236999 0.156250 0.022288
3 0.515625 0.265230 0.156250 0.022288
3 0.484375 0.290490 0.156250 0.022288
3 0.507812 0.317979 0.140625 0.023774
3 0.507812 0.347697 0.265625 0.023774
3 0.507812 0.377415 0.296875 0.023774
3 0.515625 0.403418 0.312500 0.022288
3 0.507812 0.429421 0.296875 0.023774
3 0.507812 0.565379 0.296875 0.025260
3 0.515625 0.592868 0.343750 0.023774
3 0.484375 0.619614 0.281250 0.023774
3 0.476562 0.644874 0.296875 0.026746
3 0.500000 0.675334 0.218750 0.025260
3 0.500000 0.702823 0.187500 0.023774
3 0.500000 0.728826 0.156250 0.025260
3 0.492188 0.757801 0.203125 0.023774
3 0.500000 0.783804 0.156250 0.025260
3 0.500000 0.812036 0.250000 0.022288
3 0.468750 0.838782 0.250000 0.022288
3 0.476562 0.866270 0.234375 0.023774
3 0.460938 0.894502 0.265625 0.023774
