3 0.458333 0.945048 0.472222 0.025362
3 0.465278 0.918478 0.458333 0.025362
3 0.479167 0.891304 0.458333 0.026570
3 0.458333 0.863527 0.444444 0.024155
3 0.451389 0.835145 0.458333 0.025362
3 0.465278 0.806763 0.458333 0.024155
3 0.458333 0.780193 0.472222 0.024155
3 0.458333 0.750604 0.361111 0.022947
3 0.444444 0.724034 0.333333 0.025362
3 0.444444 0.696256 0.333333 0.025362
3 0.437500 0.667874 0.347222 0.026570
3 0.451389 0.641304 0.402778 0.024155
3 0.451389 0.612319 0.375000 0.024155
3 0.444444 0.585145 0.333333 0.025362
3 0.451389 0.556159 0.180556 0.025362
3 0.437500 0.529589 0.208333 0.025362
3 0.430556 0.502415 0.222222 0.024155
3 0.451389 0.474034 0.236111 0.025362
3 0.444444 0.445048 0.250000 0.025362
3 0.444444 0.419686 0.277778 0.025362
3 0.451389 0.391304 0.291667 0.024155
3 0.444444 0.364130 0.305556 0.025362
3 0.430556 0.336353 0.305556 0.025362
3 0.430556 0.307971 0.305556 0.024155
3 0.437500 0.281401 0.319444 0.024155
3 0.444444 0.253623 0.333333 0.026570
3 0.437500 0.227657 0.402778 0.025362
3 0.430556 0.199275 0.416667 0.024155
3 0.430556 0.171498 0.416667 0.024155
