3 0.500000 0.185065 0.428571 0.032468
3 0.535714 0.217532 0.357143 0.032468
3 0.535714 0.250000 0.357143 0.032468
3 0.500000 0.275974 0.428571 0.019481
3 0.500000 0.295455 0.285714 0.019481
3 0.500000 0.324675 0.285714 0.025974
3 0.500000 0.353896 0.285714 0.032468
3 0.535714 0.383117 0.357143 0.025974
3 0.464286 0.405844 0.357143 0.019481
3 0.500000 0.435065 0.285714 0.025974
3 0.464286 0.467532 0.214286 0.025974
3 0.464286 0.493506 0.214286 0.025974
3 0.464286 0.519481 0.214286 0.025974
3 0.464286 0.545455 0.214286 0.025974
3 0.464286 0.574675 0.214286 0.032468
3 0.464286 0.603896 0.357143 0.025974
3 0.464286 0.629870 0.357143 0.025974
3 0.464286 0.655844 0.357143 0.025974
3 0.464286 0.681818 0.357143 0.025974
3 0.464286 0.707792 0.357143 0.025974
3 0.464286 0.733766 0.357143 0.025974
3 0.464286 0.759740 0.357143 0.025974
3 0.428571 0.792208 0.428571 0.025974
3 0.464286 0.818182 0.500000 0.025974
3 0.428571 0.844156 0.428571 0.025974
3 0.392857 0.870130 0.357143 0.025974
3 0.428571 0.896104 0.428571 0.025974
3 0.392857 0.922078 0.357143 0.025974
3 0.428571 0.954545 0.428571 0.025974
