3 0.528571 0.214900 0.542857 0.028653
3 0.557143 0.242837 0.514286 0.027221
3 0.550000 0.269341 0.500000 0.028653
3 0.528571 0.295129 0.400000 0.025788
3 0.521429 0.322350 0.385714 0.025788
3 0.535714 0.349570 0.357143 0.025788
3 0.528571 0.377507 0.371429 0.027221
3 0.528571 0.403295 0.342857 0.027221
3 0.564286 0.431232 0.357143 0.028653
3 0.557143 0.458453 0.371429 0.028653
3 0.542857 0.485673 0.228571 0.028653
3 0.542857 0.512178 0.228571 0.027221
3 0.550000 0.537249 0.242857 0.025788
3 0.542857 0.565186 0.285714 0.027221
3 0.535714 0.592407 0.271429 0.027221
3 0.557143 0.619628 0.457143 0.027221
3 0.564286 0.646848 0.442857 0.024355
3 0.557143 0.674785 0.485714 0.028653
3 0.557143 0.701289 0.485714 0.027221
3 0.557143 0.729226 0.457143 0.025788
3 0.557143 0.756447 0.457143 0.025788
3 0.564286 0.782235 0.442857 0.025788
3 0.557143 0.810172 0.571429 0.027221
3 0.564286 0.836676 0.585714 0.025788
3 0.571429 0.863897 0.600000 0.025788
3 0.564286 0.891834 0.585714 0.027221
3 0.557143 0.919771 0.600000 0.025788
3 0.564286 0.945559 0.585714 0.025788
3 0.571429 0.973496 0.571429 0.027221
