3 0.500000 0.175197 0.307692 0.027559
3 0.500000 0.204724 0.307692 0.023622
3 0.480769 0.232283 0.269231 0.023622
3 0.480769 0.261811 0.269231 0.027559
3 0.480769 0.287402 0.192308 0.023622
3 0.480769 0.316929 0.192308 0.027559
3 0.480769 0.342520 0.192308 0.023622
3 0.480769 0.366142 0.192308 0.023622
3 0.480769 0.395669 0.192308 0.027559
3 0.500000 0.423228 0.307692 0.027559
3 0.480769 0.452756 0.192308 0.023622
3 0.480769 0.482283 0.346154 0.027559
3 0.480769 0.505906 0.346154 0.027559
3 0.500000 0.533465 0.307692 0.027559
3 0.500000 0.561024 0.384615 0.027559
3 0.480769 0.592520 0.346154 0.027559
3 0.500000 0.616142 0.461538 0.027559
3 0.480769 0.643701 0.500000 0.027559
3 0.442308 0.673228 0.423077 0.031496
3 0.442308 0.700787 0.423077 0.023622
3 0.480769 0.726378 0.423077 0.027559
3 0.480769 0.755906 0.423077 0.023622
3 0.442308 0.781496 0.423077 0.027559
3 0.442308 0.809055 0.423077 0.027559
3 0.442308 0.836614 0.423077 0.027559
3 0.442308 0.864173 0.423077 0.027559
3 0.480769 0.891732 0.423077 0.027559
3 0.461538 0.919291 0.461538 0.027559
3 0.480769 0.946850 0.423077 0.027559
