3 0.416667 0.948333 0.500000 0.023333
3 0.416667 0.921667 0.566667 0.023333
3 0.433333 0.896667 0.533333 0.026667
3 0.433333 0.868333 0.533333 0.023333
3 0.433333 0.845000 0.533333 0.023333
3 0.416667 0.820000 0.500000 0.026667
3 0.450000 0.793333 0.500000 0.026667
3 0.433333 0.770000 0.400000 0.026667
3 0.450000 0.743333 0.366667 0.026667
3 0.433333 0.716667 0.400000 0.026667
3 0.433333 0.690000 0.400000 0.026667
3 0.416667 0.663333 0.366667 0.026667
3 0.433333 0.640000 0.133333 0.026667
3 0.450000 0.611667 0.366667 0.023333
3 0.416667 0.585000 0.166667 0.023333
3 0.433333 0.560000 0.200000 0.026667
3 0.416667 0.535000 0.233333 0.023333
3 0.433333 0.513333 0.200000 0.026667
3 0.433333 0.486667 0.200000 0.026667
3 0.450000 0.458333 0.300000 0.023333
3 0.450000 0.433333 0.300000 0.026667
3 0.450000 0.406667 0.300000 0.026667
3 0.450000 0.381667 0.300000 0.030000
3 0.450000 0.355000 0.300000 0.030000
3 0.466667 0.325000 0.333333 0.023333
3 0.466667 0.301667 0.333333 0.023333
3 0.450000 0.276667 0.433333 0.026667
3 0.466667 0.253333 0.466667 0.026667
3 0.483333 0.223333 0.500000 0.026667
