3 0.500000 0.955298 0.615385 0.023179
3 0.519231 0.932119 0.653846 0.029801
3 0.500000 0.902318 0.615385 0.023179
3 0.500000 0.879139 0.615385 0.023179
3 0.519231 0.854305 0.576923 0.026490
3 0.500000 0.824503 0.615385 0.026490
3 0.500000 0.798013 0.615385 0.026490
3 0.480769 0.769868 0.576923 0.029801
3 0.480769 0.743377 0.576923 0.023179
3 0.480769 0.718543 0.576923 0.026490
3 0.480769 0.692053 0.576923 0.026490
3 0.480769 0.665563 0.576923 0.026490
3 0.500000 0.639073 0.615385 0.026490
3 0.480769 0.614238 0.500000 0.023179
3 0.461538 0.587748 0.461538 0.029801
3 0.461538 0.561258 0.461538 0.023179
3 0.461538 0.536424 0.461538 0.026490
3 0.461538 0.511589 0.461538 0.023179
3 0.461538 0.485099 0.461538 0.029801
3 0.480769 0.458609 0.500000 0.029801
3 0.461538 0.430464 0.307692 0.026490
3 0.461538 0.405629 0.307692 0.029801
3 0.461538 0.377483 0.307692 0.026490
3 0.461538 0.352649 0.307692 0.023179
3 0.461538 0.326159 0.307692 0.029801
3 0.461538 0.301325 0.384615 0.026490
3 0.461538 0.274834 0.461538 0.026490
3 0.442308 0.245033 0.500000 0.026490
3 0.461538 0.220199 0.538462 0.029801
