3 0.465517 0.221122 0.379310 0.026403
3 0.482759 0.249175 0.344828 0.029703
3 0.517241 0.277228 0.344828 0.026403
3 0.500000 0.300330 0.310345 0.026403
3 0.517241 0.326733 0.206897 0.026403
3 0.517241 0.353135 0.206897 0.026403
3 0.500000 0.377888 0.172414 0.023102
3 0.517241 0.407591 0.206897 0.029703
3 0.517241 0.430693 0.206897 0.023102
3 0.534483 0.457096 0.379310 0.029703
3 0.517241 0.485149 0.413793 0.026403
3 0.534483 0.511551 0.379310 0.026403
3 0.534483 0.537954 0.379310 0.026403
3 0.517241 0.561056 0.413793 0.026403
3 0.534483 0.587459 0.448276 0.026403
3 0.551724 0.613861 0.413793 0.026403
3 0.517241 0.640264 0.551724 0.026403
3 0.482759 0.666667 0.551724 0.026403
3 0.517241 0.694719 0.551724 0.029703
3 0.517241 0.722772 0.551724 0.026403
3 0.534483 0.745875 0.586207 0.026403
3 0.534483 0.773927 0.586207 0.029703
3 0.500000 0.801980 0.586207 0.026403
3 0.517241 0.826733 0.551724 0.023102
3 0.517241 0.851485 0.551724 0.026403
3 0.500000 0.879538 0.586207 0.029703
3 0.500000 0.904290 0.517241 0.026403
3 0.517241 0.930693 0.551724 0.026403
3 0.500000 0.955446 0.586207 0.023102
