3 0.483333 0.217993 0.433333 0.027682
3 0.483333 0.243945 0.433333 0.024221
3 0.483333 0.273356 0.433333 0.027682
3 0.483333 0.301038 0.366667 0.027682
3 0.500000 0.325260 0.333333 0.027682
3 0.466667 0.349481 0.333333 0.027682
3 0.483333 0.373702 0.300000 0.027682
3 0.483333 0.401384 0.300000 0.027682
3 0.466667 0.427336 0.333333 0.024221
3 0.483333 0.453287 0.300000 0.027682
3 0.483333 0.479239 0.233333 0.024221
3 0.466667 0.505190 0.266667 0.027682
3 0.466667 0.531142 0.200000 0.024221
3 0.483333 0.558824 0.233333 0.024221
3 0.466667 0.584775 0.266667 0.020761
3 0.500000 0.607266 0.400000 0.024221
3 0.516667 0.634948 0.166667 0.024221
3 0.500000 0.660900 0.400000 0.027682
3 0.516667 0.690311 0.433333 0.024221
3 0.516667 0.714533 0.433333 0.024221
3 0.533333 0.740484 0.400000 0.027682
3 0.516667 0.766436 0.433333 0.024221
3 0.483333 0.790657 0.500000 0.024221
3 0.500000 0.820069 0.533333 0.027682
3 0.516667 0.846021 0.566667 0.024221
3 0.516667 0.871972 0.566667 0.027682
3 0.500000 0.897924 0.533333 0.024221
3 0.466667 0.927336 0.533333 0.027682
3 0.483333 0.953287 0.566667 0.024221
