3 0.446429 0.222408 0.535714 0.030100
3 0.446429 0.250836 0.535714 0.020067
3 0.482143 0.275920 0.464286 0.023411
3 0.464286 0.302676 0.357143 0.023411
3 0.464286 0.329431 0.357143 0.023411
3 0.464286 0.352843 0.357143 0.023411
3 0.446429 0.381271 0.392857 0.026756
3 0.446429 0.406355 0.321429 0.023411
3 0.446429 0.429766 0.321429 0.023411
3 0.482143 0.456522 0.321429 0.023411
3 0.446429 0.483278 0.321429 0.023411
3 0.482143 0.511706 0.250000 0.026756
3 0.482143 0.533445 0.250000 0.023411
3 0.464286 0.558528 0.214286 0.026756
3 0.464286 0.588629 0.214286 0.026756
3 0.464286 0.612040 0.428571 0.026756
3 0.482143 0.640468 0.250000 0.023411
3 0.517857 0.667224 0.464286 0.030100
3 0.517857 0.695652 0.464286 0.026756
3 0.500000 0.720736 0.428571 0.030100
3 0.482143 0.744147 0.464286 0.023411
3 0.500000 0.769231 0.500000 0.026756
3 0.482143 0.795987 0.535714 0.026756
3 0.500000 0.826087 0.571429 0.026756
3 0.464286 0.851171 0.500000 0.023411
3 0.464286 0.876254 0.500000 0.026756
3 0.500000 0.903010 0.571429 0.026756
3 0.500000 0.929766 0.571429 0.026756
3 0.482143 0.953177 0.535714 0.026756
