3 0.484848 0.228758 0.484848 0.026144
3 0.500000 0.258170 0.454545 0.026144
3 0.500000 0.285948 0.454545 0.029412
3 0.469697 0.310458 0.333333 0.026144
3 0.500000 0.338235 0.333333 0.022876
3 0.469697 0.362745 0.272727 0.026144
3 0.484848 0.390523 0.303030 0.029412
3 0.484848 0.418301 0.303030 0.026144
3 0.484848 0.444444 0.303030 0.026144
3 0.469697 0.470588 0.272727 0.026144
3 0.469697 0.496732 0.212121 0.026144
3 0.484848 0.522876 0.181818 0.026144
3 0.469697 0.549020 0.212121 0.026144
3 0.454545 0.573529 0.181818 0.022876
3 0.454545 0.598039 0.181818 0.026144
3 0.500000 0.624183 0.393939 0.026144
3 0.500000 0.653595 0.212121 0.026144
3 0.454545 0.679739 0.363636 0.026144
3 0.469697 0.704248 0.393939 0.022876
3 0.454545 0.955882 0.484848 0.022876
3 0.469697 0.929739 0.454545 0.022876
3 0.469697 0.906863 0.454545 0.022876
3 0.454545 0.882353 0.424242 0.026144
3 0.454545 0.856209 0.424242 0.026144
3 0.469697 0.830065 0.454545 0.026144
3 0.454545 0.803922 0.484848 0.026144
3 0.469697 0.779412 0.393939 0.022876
3 0.469697 0.754902 0.333333 0.026144
3 0.484848 0.728758 0.363636 0.026144
