3 0.516667 0.213608 0.500000 0.028481
3 0.516667 0.242089 0.500000 0.022152
3 0.516667 0.264241 0.500000 0.022152
3 0.516667 0.291139 0.433333 0.025316
3 0.533333 0.319620 0.400000 0.025316
3 0.516667 0.343354 0.300000 0.022152
3 0.516667 0.368671 0.366667 0.028481
3 0.500000 0.397152 0.333333 0.028481
3 0.533333 0.422468 0.333333 0.028481
3 0.516667 0.450949 0.366667 0.028481
3 0.533333 0.476266 0.266667 0.022152
3 0.533333 0.501582 0.266667 0.028481
3 0.533333 0.525316 0.266667 0.025316
3 0.533333 0.550633 0.266667 0.025316
3 0.516667 0.575949 0.300000 0.025316
3 0.533333 0.606013 0.400000 0.028481
3 0.566667 0.632911 0.200000 0.018987
3 0.550000 0.655063 0.433333 0.025316
3 0.550000 0.683544 0.500000 0.025316
3 0.533333 0.708861 0.466667 0.025316
3 0.516667 0.734177 0.433333 0.025316
3 0.550000 0.759494 0.433333 0.025316
3 0.516667 0.789557 0.566667 0.028481
3 0.516667 0.814873 0.566667 0.022152
3 0.516667 0.838608 0.566667 0.025316
3 0.516667 0.868671 0.566667 0.028481
3 0.533333 0.892405 0.533333 0.025316
3 0.533333 0.919304 0.533333 0.028481
3 0.516667 0.946203 0.566667 0.025316
