3 0.481481 0.224638 0.518519 0.028986
3 0.481481 0.251812 0.518519 0.025362
3 0.481481 0.277174 0.518519 0.025362
3 0.481481 0.304348 0.444444 0.028986
3 0.500000 0.329710 0.407407 0.021739
3 0.481481 0.356884 0.370370 0.025362
3 0.481481 0.385870 0.370370 0.025362
3 0.500000 0.413043 0.407407 0.028986
3 0.481481 0.436594 0.370370 0.025362
3 0.500000 0.463768 0.333333 0.028986
3 0.481481 0.490942 0.296296 0.025362
3 0.500000 0.516304 0.259259 0.025362
3 0.462963 0.541667 0.185185 0.025362
3 0.481481 0.567029 0.222222 0.025362
3 0.500000 0.594203 0.259259 0.028986
3 0.500000 0.619565 0.407407 0.028986
3 0.500000 0.643116 0.185185 0.025362
3 0.518519 0.670290 0.444444 0.028986
3 0.518519 0.697464 0.444444 0.025362
3 0.500000 0.722826 0.407407 0.025362
3 0.537037 0.750000 0.407407 0.028986
3 0.518519 0.775362 0.444444 0.021739
3 0.481481 0.800725 0.518519 0.028986
3 0.481481 0.827899 0.518519 0.025362
3 0.481481 0.853261 0.518519 0.025362
3 0.500000 0.880435 0.555556 0.028986
3 0.500000 0.905797 0.555556 0.021739
3 0.500000 0.931159 0.555556 0.028986
3 0.500000 0.958333 0.555556 0.025362
