3 0.451613 0.950437 0.580645 0.023324
3 0.451613 0.927114 0.580645 0.023324
3 0.467742 0.899417 0.612903 0.026239
3 0.467742 0.873178 0.612903 0.026239
3 0.500000 0.845481 0.612903 0.029155
3 0.467742 0.817784 0.548387 0.026239
3 0.467742 0.793003 0.548387 0.029155
3 0.500000 0.766764 0.419355 0.023324
3 0.467742 0.741983 0.419355 0.026239
3 0.483871 0.714286 0.451613 0.029155
3 0.467742 0.686589 0.483871 0.026239
3 0.483871 0.660350 0.451613 0.026239
3 0.467742 0.635569 0.225806 0.023324
3 0.483871 0.609329 0.451613 0.029155
3 0.483871 0.581633 0.258065 0.026239
3 0.483871 0.556851 0.258065 0.029155
3 0.500000 0.532070 0.225806 0.026239
3 0.500000 0.504373 0.290323 0.029155
3 0.483871 0.479592 0.258065 0.026239
3 0.483871 0.451895 0.387097 0.029155
3 0.500000 0.425656 0.419355 0.023324
3 0.483871 0.397959 0.387097 0.026239
3 0.500000 0.371720 0.354839 0.026239
3 0.500000 0.345481 0.354839 0.026239
3 0.516129 0.317784 0.387097 0.029155
3 0.500000 0.293003 0.354839 0.026239
3 0.532258 0.266764 0.483871 0.026239
3 0.500000 0.240525 0.483871 0.026239
3 0.516129 0.212828 0.516129 0.029155
