3 0.514286 0.233434 0.514286 0.027108
3 0.500000 0.257530 0.428571 0.021084
3 0.514286 0.286145 0.457143 0.024096
3 0.500000 0.310241 0.428571 0.024096
3 0.500000 0.337349 0.428571 0.024096
3 0.514286 0.361446 0.400000 0.024096
3 0.514286 0.390060 0.400000 0.027108
3 0.485714 0.415663 0.342857 0.024096
3 0.500000 0.438253 0.314286 0.027108
3 0.485714 0.465361 0.342857 0.027108
3 0.500000 0.492470 0.314286 0.027108
3 0.485714 0.516566 0.285714 0.027108
3 0.485714 0.542169 0.285714 0.024096
3 0.500000 0.567771 0.314286 0.027108
3 0.485714 0.594880 0.228571 0.027108
3 0.485714 0.618976 0.171429 0.027108
3 0.471429 0.643072 0.200000 0.027108
3 0.485714 0.668675 0.228571 0.024096
3 0.457143 0.694277 0.228571 0.027108
3 0.471429 0.719880 0.314286 0.024096
3 0.485714 0.745482 0.171429 0.021084
3 0.485714 0.771084 0.342857 0.024096
3 0.485714 0.795181 0.400000 0.024096
3 0.514286 0.822289 0.400000 0.024096
3 0.500000 0.846386 0.371429 0.024096
3 0.485714 0.871988 0.342857 0.027108
3 0.500000 0.899096 0.485714 0.027108
3 0.485714 0.924699 0.514286 0.024096
3 0.471429 0.948795 0.485714 0.024096
