3 0.534483 0.957812 0.586207 0.028125
3 0.534483 0.932813 0.586207 0.028125
3 0.534483 0.907813 0.586207 0.028125
3 0.534483 0.881250 0.586207 0.025000
3 0.534483 0.856250 0.586207 0.025000
3 0.534483 0.831250 0.586207 0.025000
3 0.534483 0.804688 0.586207 0.028125
3 0.534483 0.776563 0.517241 0.028125
3 0.551724 0.750000 0.482759 0.025000
3 0.551724 0.725000 0.413793 0.025000
3 0.517241 0.698438 0.413793 0.028125
3 0.517241 0.670312 0.413793 0.028125
3 0.517241 0.645312 0.206897 0.021875
3 0.517241 0.618750 0.413793 0.025000
3 0.517241 0.595313 0.206897 0.021875
3 0.517241 0.221875 0.551724 0.025000
3 0.500000 0.250000 0.517241 0.025000
3 0.517241 0.275000 0.482759 0.025000
3 0.500000 0.301563 0.379310 0.021875
3 0.500000 0.326562 0.310345 0.028125
3 0.534483 0.353125 0.379310 0.025000
3 0.534483 0.379688 0.448276 0.028125
3 0.517241 0.407813 0.344828 0.028125
3 0.534483 0.434375 0.310345 0.025000
3 0.517241 0.460938 0.344828 0.028125
3 0.534483 0.485938 0.241379 0.021875
3 0.517241 0.510938 0.206897 0.028125
3 0.517241 0.542188 0.275862 0.028125
3 0.534483 0.571875 0.241379 0.031250
