3 0.517857 0.218153 0.535714 0.028662
3 0.535714 0.245223 0.500000 0.025478
3 0.553571 0.270701 0.535714 0.025478
3 0.517857 0.296178 0.392857 0.025478
3 0.482143 0.323248 0.392857 0.022293
3 0.500000 0.351911 0.357143 0.028662
3 0.482143 0.377389 0.392857 0.028662
3 0.500000 0.404459 0.357143 0.025478
3 0.517857 0.429936 0.321429 0.025478
3 0.500000 0.455414 0.357143 0.025478
3 0.500000 0.485669 0.285714 0.028662
3 0.482143 0.509554 0.250000 0.025478
3 0.482143 0.538217 0.250000 0.025478
3 0.517857 0.565287 0.250000 0.028662
3 0.482143 0.589172 0.250000 0.025478
3 0.535714 0.616242 0.500000 0.028662
3 0.517857 0.643312 0.178571 0.025478
3 0.482143 0.668790 0.464286 0.025478
3 0.482143 0.697452 0.464286 0.025478
3 0.500000 0.722930 0.500000 0.025478
3 0.517857 0.750000 0.464286 0.028662
3 0.482143 0.777070 0.464286 0.025478
3 0.464286 0.802548 0.571429 0.025478
3 0.446429 0.828025 0.607143 0.025478
3 0.446429 0.855096 0.607143 0.028662
3 0.464286 0.880573 0.642857 0.028662
3 0.446429 0.906051 0.607143 0.028662
3 0.446429 0.933121 0.607143 0.025478
3 0.464286 0.960191 0.642857 0.028662
