3 0.500000 0.224913 0.466667 0.027682
3 0.516667 0.249135 0.433333 0.020761
3 0.516667 0.276817 0.433333 0.020761
3 0.500000 0.301038 0.400000 0.020761
3 0.483333 0.326990 0.366667 0.024221
3 0.483333 0.352941 0.300000 0.020761
3 0.500000 0.373702 0.266667 0.020761
3 0.466667 0.955017 0.466667 0.020761
3 0.466667 0.927336 0.466667 0.020761
3 0.450000 0.901384 0.433333 0.024221
3 0.466667 0.877163 0.466667 0.024221
3 0.466667 0.851211 0.466667 0.027682
3 0.450000 0.823529 0.433333 0.020761
3 0.466667 0.797578 0.466667 0.024221
3 0.483333 0.617647 0.366667 0.024221
3 0.466667 0.640138 0.200000 0.020761
3 0.516667 0.667820 0.366667 0.027682
3 0.483333 0.695502 0.366667 0.020761
3 0.483333 0.716263 0.366667 0.020761
3 0.483333 0.743945 0.366667 0.020761
3 0.500000 0.769896 0.333333 0.024221
3 0.466667 0.591696 0.333333 0.020761
3 0.466667 0.562284 0.200000 0.024221
3 0.450000 0.538062 0.233333 0.024221
3 0.466667 0.403114 0.333333 0.024221
3 0.466667 0.430796 0.266667 0.024221
3 0.466667 0.456747 0.266667 0.020761
3 0.466667 0.480969 0.266667 0.020761
3 0.466667 0.508651 0.266667 0.020761
