3 0.462963 0.229965 0.333333 0.027875
3 0.462963 0.254355 0.333333 0.020906
3 0.462963 0.278746 0.333333 0.027875
3 0.462963 0.306620 0.333333 0.027875
3 0.462963 0.332753 0.259259 0.024390
3 0.462963 0.357143 0.259259 0.024390
3 0.444444 0.383275 0.222222 0.027875
3 0.444444 0.412892 0.222222 0.024390
3 0.444444 0.437282 0.222222 0.024390
3 0.462963 0.461672 0.407407 0.024390
3 0.462963 0.487805 0.407407 0.027875
3 0.481481 0.513937 0.444444 0.024390
3 0.481481 0.538328 0.444444 0.024390
3 0.481481 0.564460 0.444444 0.027875
3 0.500000 0.590592 0.481481 0.024390
3 0.481481 0.614983 0.444444 0.024390
3 0.481481 0.641115 0.518519 0.027875
3 0.481481 0.670732 0.592593 0.024390
3 0.481481 0.695122 0.592593 0.024390
3 0.481481 0.721254 0.592593 0.027875
3 0.462963 0.747387 0.555556 0.024390
3 0.444444 0.773519 0.592593 0.027875
3 0.425926 0.796167 0.555556 0.024390
3 0.444444 0.822300 0.518519 0.027875
3 0.444444 0.850174 0.518519 0.027875
3 0.462963 0.878049 0.629630 0.027875
3 0.462963 0.904181 0.555556 0.024390
3 0.425926 0.928571 0.555556 0.024390
3 0.444444 0.952962 0.592593 0.024390
