3 0.486486 0.954802 0.540541 0.022599
3 0.486486 0.927966 0.540541 0.025424
3 0.472973 0.902542 0.513514 0.025424
3 0.459459 0.878531 0.486486 0.028249
3 0.472973 0.850282 0.513514 0.028249
3 0.459459 0.823446 0.540541 0.025424
3 0.486486 0.798023 0.486486 0.025424
3 0.472973 0.772599 0.405405 0.025424
3 0.486486 0.742938 0.432432 0.028249
3 0.486486 0.714689 0.378378 0.022599
3 0.472973 0.692090 0.351351 0.022599
3 0.472973 0.665254 0.351351 0.031073
3 0.486486 0.639831 0.162162 0.019774
3 0.472973 0.614407 0.405405 0.025424
3 0.459459 0.586158 0.216216 0.025424
3 0.486486 0.560734 0.216216 0.025424
3 0.486486 0.535311 0.216216 0.025424
3 0.472973 0.508475 0.189189 0.028249
3 0.472973 0.481638 0.243243 0.025424
3 0.500000 0.456215 0.297297 0.025424
3 0.500000 0.430791 0.297297 0.025424
3 0.513514 0.405367 0.324324 0.025424
3 0.513514 0.377119 0.324324 0.025424
3 0.500000 0.348870 0.351351 0.025424
3 0.500000 0.324859 0.351351 0.022599
3 0.500000 0.299435 0.351351 0.028249
3 0.513514 0.275424 0.432432 0.025424
3 0.527027 0.247175 0.459459 0.025424
3 0.527027 0.223164 0.459459 0.028249
