3 0.470588 0.955696 0.529412 0.025316
3 0.485294 0.925633 0.500000 0.028481
3 0.500000 0.900316 0.470588 0.028481
3 0.485294 0.871835 0.500000 0.028481
3 0.500000 0.844937 0.470588 0.025316
3 0.470588 0.819620 0.470588 0.031646
3 0.500000 0.794304 0.470588 0.025316
3 0.514706 0.767405 0.382353 0.028481
3 0.514706 0.740506 0.382353 0.025316
3 0.500000 0.715190 0.352941 0.025316
3 0.485294 0.688291 0.323529 0.028481
3 0.500000 0.662975 0.352941 0.028481
3 0.485294 0.632911 0.205882 0.025316
3 0.470588 0.610759 0.352941 0.025316
3 0.470588 0.583861 0.235294 0.022152
3 0.485294 0.556962 0.205882 0.025316
3 0.470588 0.531646 0.176471 0.025316
3 0.485294 0.506329 0.205882 0.025316
3 0.500000 0.476266 0.176471 0.028481
3 0.500000 0.450949 0.294118 0.022152
3 0.500000 0.425633 0.294118 0.028481
3 0.500000 0.398734 0.294118 0.025316
3 0.500000 0.373418 0.294118 0.025316
3 0.485294 0.344937 0.323529 0.025316
3 0.485294 0.321203 0.323529 0.022152
3 0.485294 0.295886 0.382353 0.028481
3 0.485294 0.268987 0.441176 0.025316
3 0.485294 0.245253 0.441176 0.022152
3 0.485294 0.221519 0.441176 0.031646
