3 0.515152 0.220679 0.363636 0.027778
3 0.500000 0.248457 0.333333 0.027778
3 0.515152 0.273148 0.303030 0.027778
3 0.530303 0.296296 0.333333 0.024691
3 0.500000 0.325617 0.212121 0.027778
3 0.515152 0.348765 0.181818 0.024691
3 0.484848 0.373457 0.181818 0.024691
3 0.484848 0.399691 0.181818 0.027778
3 0.469697 0.427469 0.212121 0.027778
3 0.500000 0.452160 0.393939 0.027778
3 0.515152 0.478395 0.363636 0.024691
3 0.530303 0.504630 0.393939 0.027778
3 0.530303 0.527778 0.393939 0.024691
3 0.500000 0.554012 0.393939 0.027778
3 0.530303 0.583333 0.454545 0.030864
3 0.530303 0.609568 0.454545 0.027778
3 0.515152 0.637346 0.484848 0.027778
3 0.515152 0.658951 0.484848 0.021605
3 0.500000 0.686728 0.515152 0.027778
3 0.500000 0.711420 0.515152 0.027778
3 0.500000 0.739198 0.575758 0.027778
3 0.500000 0.765432 0.515152 0.024691
3 0.500000 0.791667 0.575758 0.027778
3 0.484848 0.816358 0.545455 0.027778
3 0.484848 0.844136 0.545455 0.027778
3 0.469697 0.870370 0.515152 0.024691
3 0.515152 0.896605 0.545455 0.027778
3 0.484848 0.921296 0.545455 0.027778
3 0.484848 0.947531 0.545455 0.024691
